
 **** DERIVATIVE DATABASE ****    
+DDB, Version number     10929

  Note : temporary (transfer) database                                                                                               

     natom         7
      nkpt        15
    nsppol         1
      nsym         6
    ntypat         3
    occopt         1
     nband        28
     acell  0.72557731980000D+01  0.72557731980000D+01  0.35000000000000D+02
       amu  0.74921590000000D+02  0.28085500000000D+02  0.10079400000000D+01
   dilatmx  0.10000000000000D+01
      ecut  0.50000000000000D+01
    ecutsm  0.00000000000000D+00
     intxc         0
      iscf         5
       ixc         1
       kpt  0.00000000000000D+00  0.00000000000000D+00  0.25000000000000D+00
            0.12500000000000D+00  0.00000000000000D+00  0.25000000000000D+00
            0.25000000000000D+00  0.00000000000000D+00  0.25000000000000D+00
            0.37500000000000D+00  0.00000000000000D+00  0.25000000000000D+00
            0.50000000000000D+00  0.00000000000000D+00  0.25000000000000D+00
           -0.37500000000000D+00  0.00000000000000D+00  0.25000000000000D+00
           -0.25000000000000D+00  0.00000000000000D+00  0.25000000000000D+00
           -0.12500000000000D+00  0.00000000000000D+00  0.25000000000000D+00
            0.12500000000000D+00  0.12500000000000D+00  0.25000000000000D+00
            0.25000000000000D+00  0.12500000000000D+00  0.25000000000000D+00
            0.37500000000000D+00  0.12500000000000D+00  0.25000000000000D+00
            0.50000000000000D+00  0.12500000000000D+00  0.25000000000000D+00
           -0.37500000000000D+00  0.12500000000000D+00  0.25000000000000D+00
            0.25000000000000D+00  0.25000000000000D+00  0.25000000000000D+00
            0.37500000000000D+00  0.25000000000000D+00  0.25000000000000D+00
    kptnrm  0.10000000000000D+01
     ngfft        16   16   72
    nspden         1
   nspinor         2
       occ  0.10000000000000D+01  0.10000000000000D+01  0.10000000000000D+01
            0.10000000000000D+01  0.10000000000000D+01  0.10000000000000D+01
            0.10000000000000D+01  0.10000000000000D+01  0.10000000000000D+01
            0.10000000000000D+01  0.10000000000000D+01  0.10000000000000D+01
            0.10000000000000D+01  0.10000000000000D+01  0.10000000000000D+01
            0.10000000000000D+01  0.10000000000000D+01  0.10000000000000D+01
            0.10000000000000D+01  0.10000000000000D+01  0.10000000000000D+01
            0.10000000000000D+01  0.10000000000000D+01  0.10000000000000D+01
            0.10000000000000D+01  0.10000000000000D+01  0.00000000000000D+00
            0.00000000000000D+00
     rprim  0.86602540378444D+00 -0.50000000000000D+00  0.00000000000000D+00
            0.00000000000000D+00  0.10000000000000D+01  0.00000000000000D+00
            0.00000000000000D+00  0.00000000000000D+00  0.10000000000000D+01
     sciss  0.00000000000000D+00
    spinat  0.00000000000000D+00  0.00000000000000D+00  0.00000000000000D+00
            0.00000000000000D+00  0.00000000000000D+00  0.00000000000000D+00
            0.00000000000000D+00  0.00000000000000D+00  0.00000000000000D+00
            0.00000000000000D+00  0.00000000000000D+00  0.00000000000000D+00
            0.00000000000000D+00  0.00000000000000D+00  0.00000000000000D+00
            0.00000000000000D+00  0.00000000000000D+00  0.00000000000000D+00
            0.00000000000000D+00  0.00000000000000D+00  0.00000000000000D+00
    symafm         1    1    1    1    1    1
    symrel         1    0    0    0    1    0    0    0    1
                  -1    0    0    1    1    0    0    0    1
                   0    1    0   -1   -1    0    0    0    1
                   0   -1    0   -1    0    0    0    0    1
                  -1   -1    0    1    0    0    0    0    1
                   1    1    0    0   -1    0    0    0    1
     tnons  0.00000000000000D+00  0.00000000000000D+00  0.00000000000000D+00
            0.00000000000000D+00  0.00000000000000D+00  0.00000000000000D+00
            0.00000000000000D+00  0.00000000000000D+00  0.00000000000000D+00
            0.00000000000000D+00  0.00000000000000D+00  0.00000000000000D+00
            0.00000000000000D+00  0.00000000000000D+00  0.00000000000000D+00
            0.00000000000000D+00  0.00000000000000D+00  0.00000000000000D+00
    tolwfr  0.10000000000000D+01
   tphysel  0.00000000000000D+00
    tsmear  0.40000000000000D-01
     typat         1    2    2    2    2    2    3
       wtk  0.15625000000000D-01  0.46875000000000D-01  0.46875000000000D-01
            0.46875000000000D-01  0.46875000000000D-01  0.46875000000000D-01
            0.46875000000000D-01  0.46875000000000D-01  0.93750000000000D-01
            0.93750000000000D-01  0.93750000000000D-01  0.93750000000000D-01
            0.93750000000000D-01  0.93750000000000D-01  0.93750000000000D-01
      xred  0.00000000000000D+00  0.00000000000000D+00  0.22034028571429D+00
            0.66666666666667D+00  0.33333333333333D+00  0.14810771428571D+00
            0.66666666666667D+00  0.33333333333333D+00  0.21158257142857D-01
            0.33333333333333D+00 -0.33333333333333D+00 -0.21158257142857D-01
            0.33333333333333D+00 -0.33333333333333D+00 -0.14810771428571D+00
            0.00000000000000D+00  0.00000000000000D+00 -0.19042222857143D+00
            0.00000000000000D+00  0.00000000000000D+00 -0.27045968571429D+00
     znucl  0.33000000000000D+02  0.14000000000000D+02  0.10000000000000D+01
      zion  0.50000000000000D+01  0.40000000000000D+01  0.10000000000000D+01
 
 No information on the potentials yet 
 
 **** Database of total energy derivatives ****
 Number of data blocks=    2
  
 Total energy                 - # elements :       1
 -0.26456984366633D+02  0.00000000000000D+00
  
 1st derivatives              - # elements :      27
   1   1  0.00000000000000D+00  0.00000000000000D+00
   2   1  0.00000000000000D+00  0.00000000000000D+00
   3   1  0.17861812258559D+01  0.00000000000000D+00
   1   2  0.00000000000000D+00  0.00000000000000D+00
   2   2  0.00000000000000D+00  0.00000000000000D+00
   3   2 -0.16522529369547D+01  0.00000000000000D+00
   1   3  0.26926452231544D-27  0.00000000000000D+00
   2   3 -0.26926452231544D-27  0.00000000000000D+00
   3   3 -0.88566879848458D-01  0.00000000000000D+00
   1   4  0.00000000000000D+00  0.00000000000000D+00
   2   4  0.00000000000000D+00  0.00000000000000D+00
   3   4 -0.19903445692704D-01  0.00000000000000D+00
   1   5  0.00000000000000D+00  0.00000000000000D+00
   2   5  0.00000000000000D+00  0.00000000000000D+00
   3   5  0.66656969603016D-01  0.00000000000000D+00
   1   6  0.26926452231544D-27  0.00000000000000D+00
   2   6 -0.26926452231544D-27  0.00000000000000D+00
   3   6 -0.68163367119417D+00  0.00000000000000D+00
   1   7  0.50487097934145D-28  0.00000000000000D+00
   2   7  0.00000000000000D+00  0.00000000000000D+00
   3   7  0.58455966589802D+00  0.00000000000000D+00
   1  10  0.32339257369659D-03  0.00000000000000D+00
   2  10  0.32339257369659D-03  0.00000000000000D+00
   3  10  0.30932548923619D-03  0.00000000000000D+00
   1  11  0.00000000000000D+00  0.00000000000000D+00
   2  11  0.00000000000000D+00  0.00000000000000D+00
   3  11  0.00000000000000D+00  0.00000000000000D+00
