         210
     1     1     2     2       6    0.6476826886E-04
     1     2     2     2      12    0.6476826886E-04
     2     2     2    12      12    0.6476826886E-04
     2     2     3    12      12    0.6476826886E-04
     2     2    12    12       6    0.6476826886E-04
     2     3     3    12      12    0.6476826886E-04
     2     3    12    12      12    0.6476826886E-04
     3     3     4    13      12    0.6476826886E-04
     3     3    12    13      12    0.6476826886E-04
     3     4     4    13      12    0.6476826886E-04
     3     4    13    13      12    0.6476826886E-04
     3    12    12    13      12    0.6476826886E-04
     3    12    13    13      12    0.6476826886E-04
     4     4     5    14      12    0.6476826886E-04
     4     4    13    14      12    0.6476826886E-04
     4     5     5    14      12    0.6476826886E-04
     4     5    14    14      12    0.6476826886E-04
     4    13    13    14      12    0.6476826886E-04
     4    13    14    14      12    0.6476826886E-04
     5     5     6    15      12    0.6476826886E-04
     5     5    14    15      12    0.6476826886E-04
     5     6     6    15      12    0.6476826886E-04
     5     6    15    15      12    0.6476826886E-04
     5    14    14    15      12    0.6476826886E-04
     5    14    15    15      12    0.6476826886E-04
     6     6     7    16      12    0.6476826886E-04
     6     6    15    16      12    0.6476826886E-04
     6     7     7    16      12    0.6476826886E-04
     6     7    16    16      12    0.6476826886E-04
     6    15    15    16      12    0.6476826886E-04
     6    15    16    16      12    0.6476826886E-04
     7     7     8    17      12    0.6476826886E-04
     7     7    16    17      12    0.6476826886E-04
     7     8     8    17      12    0.6476826886E-04
     7     8    17    17      12    0.6476826886E-04
     7    16    16    17      12    0.6476826886E-04
     7    16    17    17      12    0.6476826886E-04
     8     8     9    18      12    0.6476826886E-04
     8     8    17    18      12    0.6476826886E-04
     8     9     9    18      12    0.6476826886E-04
     8     9    18    18      12    0.6476826886E-04
     8    17    17    18      12    0.6476826886E-04
     8    17    18    18      12    0.6476826886E-04
     9     9    10    19      12    0.6476826886E-04
     9     9    18    19      12    0.6476826886E-04
     9    10    10    19      12    0.6476826886E-04
     9    10    19    19      12    0.6476826886E-04
     9    18    18    19      12    0.6476826886E-04
     9    18    19    19      12    0.6476826886E-04
    10    10    11    20      12    0.6476826886E-04
    10    10    19    20      12    0.6476826886E-04
    10    11    11    20      12    0.6476826886E-04
    10    11    20    20      12    0.6476826886E-04
    10    19    19    20      12    0.6476826886E-04
    10    19    20    20      12    0.6476826886E-04
    11    11    20    20       6    0.6476826886E-04
    11    20    20    20      12    0.6476826886E-04
    12    12    13    13       6    0.6476826886E-04
    12    13    13    13      12    0.6476826886E-04
    13    13    13    21      12    0.6476826886E-04
    13    13    14    21      12    0.6476826886E-04
    13    13    21    21       6    0.6476826886E-04
    13    14    14    21      12    0.6476826886E-04
    13    14    21    21      12    0.6476826886E-04
    14    14    15    22      12    0.6476826886E-04
    14    14    21    22      12    0.6476826886E-04
    14    15    15    22      12    0.6476826886E-04
    14    15    22    22      12    0.6476826886E-04
    14    21    21    22      12    0.6476826886E-04
    14    21    22    22      12    0.6476826886E-04
    15    15    16    23      12    0.6476826886E-04
    15    15    22    23      12    0.6476826886E-04
    15    16    16    23      12    0.6476826886E-04
    15    16    23    23      12    0.6476826886E-04
    15    22    22    23      12    0.6476826886E-04
    15    22    23    23      12    0.6476826886E-04
    16    16    17    24      12    0.6476826886E-04
    16    16    23    24      12    0.6476826886E-04
    16    17    17    24      12    0.6476826886E-04
    16    17    24    24      12    0.6476826886E-04
    16    23    23    24      12    0.6476826886E-04
    16    23    24    24      12    0.6476826886E-04
    17    17    18    25      12    0.6476826886E-04
    17    17    24    25      12    0.6476826886E-04
    17    18    18    25      12    0.6476826886E-04
    17    18    25    25      12    0.6476826886E-04
    17    24    24    25      12    0.6476826886E-04
    17    24    25    25      12    0.6476826886E-04
    18    18    19    26      12    0.6476826886E-04
    18    18    25    26      12    0.6476826886E-04
    18    19    19    26      12    0.6476826886E-04
    18    19    26    26      12    0.6476826886E-04
    18    25    25    26      12    0.6476826886E-04
    18    25    26    26      12    0.6476826886E-04
    19    19    20    27      12    0.6476826886E-04
    19    19    26    27      12    0.6476826886E-04
    19    20    20    27      12    0.6476826886E-04
    19    20    27    27      12    0.6476826886E-04
    19    26    26    27      12    0.6476826886E-04
    19    26    27    27      12    0.6476826886E-04
    20    20    20    28      12    0.6476826886E-04
    20    20    27    28      12    0.6476826886E-04
    20    20    28    28       6    0.6476826886E-04
    20    27    27    28      12    0.6476826886E-04
    20    27    28    28      12    0.6476826886E-04
    21    21    22    22       6    0.6476826886E-04
    21    22    22    22      12    0.6476826886E-04
    22    22    22    29      12    0.6476826886E-04
    22    22    23    29      12    0.6476826886E-04
    22    22    29    29       6    0.6476826886E-04
    22    23    23    29      12    0.6476826886E-04
    22    23    29    29      12    0.6476826886E-04
    23    23    24    30      12    0.6476826886E-04
    23    23    29    30      12    0.6476826886E-04
    23    24    24    30      12    0.6476826886E-04
    23    24    30    30      12    0.6476826886E-04
    23    29    29    30      12    0.6476826886E-04
    23    29    30    30      12    0.6476826886E-04
    24    24    25    31      12    0.6476826886E-04
    24    24    30    31      12    0.6476826886E-04
    24    25    25    31      12    0.6476826886E-04
    24    25    31    31      12    0.6476826886E-04
    24    30    30    31      12    0.6476826886E-04
    24    30    31    31      12    0.6476826886E-04
    25    25    26    32      12    0.6476826886E-04
    25    25    31    32      12    0.6476826886E-04
    25    26    26    32      12    0.6476826886E-04
    25    26    32    32      12    0.6476826886E-04
    25    31    31    32      12    0.6476826886E-04
    25    31    32    32      12    0.6476826886E-04
    26    26    27    33      12    0.6476826886E-04
    26    26    32    33      12    0.6476826886E-04
    26    27    27    33      12    0.6476826886E-04
    26    27    33    33      12    0.6476826886E-04
    26    32    32    33      12    0.6476826886E-04
    26    32    33    33      12    0.6476826886E-04
    27    27    28    34      12    0.6476826886E-04
    27    27    33    34      12    0.6476826886E-04
    27    28    28    34      12    0.6476826886E-04
    27    28    34    34      12    0.6476826886E-04
    27    33    33    34      12    0.6476826886E-04
    27    33    34    34      12    0.6476826886E-04
    28    28    34    34       6    0.6476826886E-04
    28    34    34    34      12    0.6476826886E-04
    29    29    30    30       6    0.6476826886E-04
    29    30    30    30      12    0.6476826886E-04
    30    30    30    35      12    0.6476826886E-04
    30    30    31    35      12    0.6476826886E-04
    30    30    35    35       6    0.6476826886E-04
    30    31    31    35      12    0.6476826886E-04
    30    31    35    35      12    0.6476826886E-04
    31    31    32    36      12    0.6476826886E-04
    31    31    35    36      12    0.6476826886E-04
    31    32    32    36      12    0.6476826886E-04
    31    32    36    36      12    0.6476826886E-04
    31    35    35    36      12    0.6476826886E-04
    31    35    36    36      12    0.6476826886E-04
    32    32    33    37      12    0.6476826886E-04
    32    32    36    37      12    0.6476826886E-04
    32    33    33    37      12    0.6476826886E-04
    32    33    37    37      12    0.6476826886E-04
    32    36    36    37      12    0.6476826886E-04
    32    36    37    37      12    0.6476826886E-04
    33    33    34    38      12    0.6476826886E-04
    33    33    37    38      12    0.6476826886E-04
    33    34    34    38      12    0.6476826886E-04
    33    34    38    38      12    0.6476826886E-04
    33    37    37    38      12    0.6476826886E-04
    33    37    38    38      12    0.6476826886E-04
    34    34    34    39      12    0.6476826886E-04
    34    34    38    39      12    0.6476826886E-04
    34    34    39    39       6    0.6476826886E-04
    34    38    38    39      12    0.6476826886E-04
    34    38    39    39      12    0.6476826886E-04
    35    35    36    36       6    0.6476826886E-04
    35    36    36    36      12    0.6476826886E-04
    36    36    36    40      12    0.6476826886E-04
    36    36    37    40      12    0.6476826886E-04
    36    36    40    40       6    0.6476826886E-04
    36    37    37    40      12    0.6476826886E-04
    36    37    40    40      12    0.6476826886E-04
    37    37    38    41      12    0.6476826886E-04
    37    37    40    41      12    0.6476826886E-04
    37    38    38    41      12    0.6476826886E-04
    37    38    41    41      12    0.6476826886E-04
    37    40    40    41      12    0.6476826886E-04
    37    40    41    41      12    0.6476826886E-04
    38    38    39    42      12    0.6476826886E-04
    38    38    41    42      12    0.6476826886E-04
    38    39    39    42      12    0.6476826886E-04
    38    39    42    42      12    0.6476826886E-04
    38    41    41    42      12    0.6476826886E-04
    38    41    42    42      12    0.6476826886E-04
    39    39    42    42       6    0.6476826886E-04
    39    42    42    42      12    0.6476826886E-04
    40    40    41    41       6    0.6476826886E-04
    40    41    41    41      12    0.6476826886E-04
    41    41    41    43      12    0.6476826886E-04
    41    41    42    43      12    0.6476826886E-04
    41    41    43    43       6    0.6476826886E-04
    41    42    42    43      12    0.6476826886E-04
    41    42    43    43      12    0.6476826886E-04
    42    42    42    44      12    0.6476826886E-04
    42    42    43    44      12    0.6476826886E-04
    42    42    44    44       6    0.6476826886E-04
    42    43    43    44      12    0.6476826886E-04
    42    43    44    44      12    0.6476826886E-04
    43    43    44    44       6    0.6476826886E-04
    43    44    44    44      12    0.6476826886E-04
    44    44    44    44       6    0.6476826886E-04
